Frame Number, File Size (bytes), File Size (kB)
14, 293853, 286.96, Left
14, 324758, 317.14, Right
20, 291252, 284.42, Left
20, 329078, 321.36, Right
26, 289218, 282.43, Left
26, 323772, 316.18, Right
32, 277802, 271.29, Left
32, 311543, 304.24, Right
37, 275364, 268.91, Left
37, 302406, 295.31, Right
42, 267148, 260.88, Left
42, 307610, 300.40, Right
46, 259633, 253.54, Left
46, 301850, 294.77, Right
50, 270349, 264.01, Left
50, 315269, 307.87, Right
55, 275008, 268.56, Left
55, 316459, 309.04, Right
60, 267354, 261.08, Left
60, 302211, 295.12, Right
64, 277127, 270.63, Left
64, 310593, 303.31, Right
67, 263975, 257.78, Left
67, 292301, 285.45, Right
70, 257340, 251.30, Left
70, 290708, 283.89, Right
74, 260599, 254.49, Left
74, 301529, 294.46, Right
78, 269720, 263.39, Left
78, 306700, 299.51, Right
82, 266294, 260.05, Left
82, 302656, 295.56, Right
86, 270580, 264.23, Left
86, 311938, 304.62, Right
90, 268353, 262.06, Left
90, 305544, 298.38, Right
93, 263421, 257.24, Left
93, 301735, 294.66, Right
96, 264386, 258.18, Left
96, 297260, 290.29, Right
100, 257977, 251.93, Left
100, 284380, 277.71, Right
104, 262866, 256.70, Left
104, 295096, 288.17, Right
108, 269741, 263.41, Left
108, 305437, 298.27, Right
111, 250077, 244.21, Left
111, 283002, 276.36, Right
112, 240894, 235.24, Left
112, 266146, 259.90, Right
115, 244554, 238.82, Left
115, 272258, 265.87, Right
118, 244200, 238.47, Left
118, 272537, 266.14, Right
121, 270790, 264.44, Left
121, 301306, 294.24, Right
122, 267559, 261.28, Left
122, 293266, 286.39, Right
123, 254856, 248.88, Left
123, 278877, 272.34, Right
124, 243362, 237.65, Left
124, 267867, 261.58, Right
125, 253576, 247.63, Left
125, 262378, 256.22, Right
126, 234002, 228.51, Left
126, 253913, 247.96, Right
129, 241321, 235.66, Left
129, 270880, 264.53, Right
130, 243306, 237.60, Left
130, 275416, 268.96, Right
131, 240986, 235.33, Left
131, 274555, 268.12, Right
134, 260138, 254.04, Left
134, 292608, 285.75, Right
135, 250488, 244.61, Left
135, 280048, 273.48, Right
136, 246255, 240.48, Left
136, 270780, 264.43, Right
139, 250532, 244.66, Left
139, 277525, 271.02, Right
140, 249337, 243.49, Left
140, 275892, 269.42, Right
143, 258879, 252.81, Left
143, 291061, 284.23, Right
144, 249644, 243.79, Left
144, 278198, 271.67, Right
145, 240976, 235.32, Left
145, 265155, 258.94, Right
146, 242455, 236.77, Left
146, 266569, 260.32, Right
149, 242074, 236.40, Left
149, 277294, 270.79, Right
150, 236841, 231.29, Left
150, 272722, 266.33, Right
151, 238247, 232.66, Left
151, 269335, 263.02, Right
152, 220761, 215.58, Left
152, 240195, 234.56, Right
153, 226771, 221.45, Left
153, 234924, 229.41, Right
154, 225991, 220.69, Left
154, 235997, 230.46, Right
155, 216265, 211.19, Left
155, 228347, 222.99, Right
158, 231903, 226.46, Left
158, 253369, 247.43, Right
161, 250599, 244.72, Left
161, 265845, 259.61, Right
162, 227664, 222.32, Left
162, 242219, 236.54, Right
163, 222960, 217.73, Left
163, 228063, 222.71, Right
167, 240915, 235.26, Left
167, 245723, 239.96, Right
170, 256917, 250.89, Left
170, 259150, 253.07, Right
171, 236410, 230.86, Left
171, 242094, 236.41, Right
175, 277655, 271.14, Left
175, 302203, 295.12, Right
179, 274478, 268.04, Left
179, 299065, 292.05, Right
182, 246931, 241.14, Left
182, 262062, 255.91, Right
183, 257895, 251.85, Left
183, 272974, 266.57, Right
184, 225535, 220.24, Left
184, 240553, 234.91, Right
185, 212378, 207.40, Left
185, 222698, 217.47, Right
187, 285366, 278.67, Left
187, 301966, 294.88, Right
188, 252375, 246.45, Left
188, 263590, 257.41, Right
189, 211405, 206.45, Left
189, 219446, 214.30, Right
190, 223533, 218.29, Left
190, 233221, 227.75, Right
191, 245296, 239.54, Left
191, 257877, 251.83, Right
192, 231539, 226.11, Left
192, 236333, 230.79, Right
193, 244770, 239.03, Left
193, 252243, 246.33, Right
194, 222358, 217.14, Left
194, 226973, 221.65, Right
195, 199254, 194.58, Left
195, 208554, 203.66, Right
196, 209172, 204.26, Left
196, 208828, 203.93, Right
197, 220848, 215.67, Left
197, 229350, 223.97, Right
198, 225575, 220.28, Left
198, 229238, 223.86, Right
199, 209126, 204.22, Left
199, 214510, 209.48, Right
200, 206537, 201.69, Left
200, 205241, 200.43, Right
201, 207331, 202.47, Left
201, 209625, 204.71, Right
202, 224108, 218.85, Left
202, 228775, 223.41, Right
203, 238216, 232.63, Left
203, 241631, 235.96, Right
204, 242795, 237.10, Left
204, 236084, 230.55, Right
207, 266762, 260.50, Left
207, 276457, 269.97, Right
208, 297532, 290.55, Left
208, 304621, 297.48, Right
211, 265114, 258.90, Left
211, 275771, 269.30, Right
212, 276687, 270.20, Left
212, 283483, 276.83, Right
213, 253511, 247.56, Left
213, 257729, 251.68, Right
214, 248616, 242.78, Left
214, 252951, 247.02, Right
215, 221307, 216.12, Left
215, 227464, 222.13, Right
216, 247688, 241.88, Left
216, 245365, 239.61, Right
219, 325795, 318.15, Left
219, 348848, 340.67, Right
220, 312896, 305.56, Left
220, 335958, 328.08, Right
222, 293476, 286.59, Left
222, 318637, 311.16, Right
223, 284383, 277.71, Left
223, 314502, 307.13, Right
224, 286017, 279.31, Left
224, 309394, 302.14, Right
225, 272981, 266.58, Left
225, 289872, 283.07, Right
226, 299986, 292.95, Left
226, 331889, 324.11, Right
227, 281816, 275.21, Left
227, 309404, 302.15, Right
228, 303027, 295.92, Left
228, 317116, 309.68, Right
232, 371580, 362.87, Left
232, 395970, 386.68, Right
235, 346273, 338.15, Left
235, 353383, 345.10, Right
236, 320592, 313.07, Left
236, 326724, 319.06, Right
239, 243848, 238.13, Left
239, 269073, 262.76, Right
242, 253183, 247.24, Left
242, 273832, 267.41, Right
246, 267835, 261.55, Left
246, 274707, 268.26, Right
249, 285977, 279.27, Left
249, 298697, 291.69, Right
252, 271517, 265.15, Left
252, 289519, 282.73, Right
255, 278059, 271.54, Left
255, 286982, 280.25, Right
258, 299551, 292.53, Left
258, 308410, 301.18, Right
261, 339341, 331.38, Left
261, 406266, 396.74, Right
264, 335877, 328.00, Left
264, 359559, 351.13, Right
267, 359678, 351.24, Left
267, 374312, 365.53, Right
268, 335210, 327.35, Left
268, 347329, 339.18, Right
271, 285565, 278.87, Left
271, 292670, 285.81, Right
274, 277441, 270.93, Left
274, 306051, 298.87, Right
278, 316344, 308.92, Left
278, 333854, 326.02, Right
282, 313133, 305.79, Left
282, 347846, 339.69, Right
286, 282224, 275.60, Left
286, 304270, 297.13, Right
290, 319757, 312.26, Left
290, 329877, 322.14, Right
294, 288969, 282.19, Left
294, 301336, 294.27, Right
298, 308680, 301.44, Left
298, 321323, 313.79, Right
303, 271865, 265.49, Left
303, 263150, 256.98, Right
308, 208918, 204.02, Left
308, 212386, 207.40, Right
314, 213210, 208.21, Left
314, 212093, 207.12, Right
320, 195199, 190.62, Left
320, 200576, 195.87, Right
325, 336372, 328.48, Left
325, 334235, 326.40, Right
330, 360596, 352.14, Left
330, 369059, 360.40, Right
334, 333547, 325.72, Left
334, 332863, 325.06, Right
338, 366797, 358.20, Left
338, 373570, 364.81, Right
342, 384369, 375.36, Left
342, 410432, 400.81, Right
346, 296030, 289.09, Left
346, 291950, 285.10, Right
350, 284184, 277.52, Left
350, 292432, 285.57, Right
354, 358378, 349.97, Left
354, 357425, 349.04, Right
358, 320996, 313.47, Left
358, 336109, 328.23, Right
362, 329659, 321.93, Left
362, 341646, 333.63, Right
366, 316198, 308.78, Left
366, 325542, 317.91, Right
370, 310213, 302.94, Left
370, 305555, 298.39, Right
373, 298295, 291.30, Left
373, 311605, 304.30, Right
376, 278001, 271.48, Left
376, 283532, 276.88, Right
379, 247686, 241.88, Left
379, 256823, 250.80, Right
382, 261583, 255.45, Left
382, 273257, 266.85, Right
383, 228335, 222.98, Left
383, 244706, 238.97, Right
384, 236568, 231.02, Left
384, 233742, 228.26, Right
385, 238498, 232.90, Left
385, 233180, 227.71, Right
386, 231611, 226.18, Left
386, 233992, 228.50, Right
387, 249905, 244.04, Left
387, 241361, 235.70, Right
388, 251504, 245.60, Left
388, 246581, 240.80, Right
389, 249296, 243.45, Left
389, 253783, 247.83, Right
390, 263734, 257.55, Left
390, 253297, 247.36, Right
391, 268359, 262.06, Left
391, 257257, 251.22, Right
393, 276200, 269.72, Left
393, 277770, 271.25, Right
394, 281295, 274.70, Left
394, 282964, 276.33, Right
395, 271176, 264.82, Left
395, 273631, 267.21, Right
396, 281311, 274.71, Left
396, 286302, 279.59, Right
397, 262294, 256.14, Left
397, 261855, 255.71, Right
398, 243410, 237.70, Left
398, 262682, 256.52, Right
399, 255236, 249.25, Left
399, 251222, 245.33, Right
400, 248447, 242.62, Left
400, 263962, 257.77, Right
401, 261056, 254.93, Left
401, 273939, 267.51, Right
404, 283170, 276.53, Left
404, 308110, 300.88, Right
405, 296934, 289.97, Left
405, 316795, 309.37, Right
406, 298939, 291.93, Left
406, 319476, 311.98, Right
410, 281814, 275.20, Left
410, 309651, 302.39, Right
413, 295853, 288.91, Left
413, 326049, 318.40, Right
415, 279430, 272.88, Left
415, 297775, 290.79, Right
416, 287882, 281.13, Left
416, 312478, 305.15, Right
419, 294409, 287.50, Left
419, 320991, 313.46, Right
423, 294257, 287.36, Left
423, 321034, 313.50, Right
424, 289083, 282.30, Left
424, 317007, 309.57, Right
425, 278664, 272.13, Left
425, 301507, 294.44, Right
428, 290166, 283.36, Left
428, 315506, 308.11, Right
429, 299143, 292.13, Left
429, 314267, 306.90, Right
432, 286680, 279.96, Left
432, 313299, 305.95, Right
434, 286899, 280.17, Left
434, 317159, 309.72, Right
437, 295811, 288.87, Left
437, 323007, 315.43, Right
441, 293879, 286.99, Left
441, 325705, 318.07, Right
442, 277722, 271.21, Left
442, 311388, 304.08, Right
445, 296174, 289.23, Left
445, 324838, 317.22, Right
446, 282945, 276.31, Left
446, 306395, 299.21, Right
447, 273038, 266.63, Left
447, 287682, 280.93, Right
448, 248142, 242.32, Left
448, 260045, 253.95, Right
449, 241285, 235.62, Left
449, 264399, 258.20, Right
450, 236037, 230.50, Left
450, 255481, 249.49, Right
451, 236086, 230.55, Left
451, 248904, 243.07, Right
452, 251074, 245.18, Left
452, 268055, 261.77, Right
453, 235693, 230.16, Left
453, 253267, 247.33, Right
456, 277212, 270.71, Left
456, 307527, 300.31, Right
457, 270157, 263.82, Left
457, 279963, 273.40, Right
458, 244041, 238.32, Left
458, 261251, 255.12, Right
459, 246621, 240.84, Left
459, 258553, 252.49, Right
460, 254064, 248.10, Left
460, 258633, 252.57, Right
461, 251910, 246.00, Left
461, 268452, 262.16, Right
462, 258784, 252.71, Left
462, 266683, 260.43, Right
463, 247262, 241.46, Left
463, 251492, 245.59, Right
464, 247028, 241.23, Left
464, 252392, 246.47, Right
465, 241651, 235.98, Left
465, 247356, 241.55, Right
466, 236983, 231.42, Left
466, 233623, 228.14, Right
467, 231771, 226.33, Left
467, 230074, 224.68, Right
468, 224406, 219.14, Left
468, 227018, 221.69, Right
469, 224705, 219.43, Left
469, 229664, 224.28, Right
470, 220830, 215.65, Left
470, 227481, 222.14, Right
471, 218730, 213.60, Left
471, 225937, 220.64, Right
472, 224791, 219.52, Left
472, 233040, 227.57, Right
475, 246650, 240.86, Left
475, 259623, 253.53, Right
478, 225096, 219.82, Left
478, 237326, 231.76, Right
481, 238997, 233.39, Left
481, 256709, 250.69, Right
484, 237695, 232.12, Left
484, 259214, 253.13, Right
487, 257156, 251.12, Left
487, 274281, 267.85, Right
490, 256614, 250.59, Left
490, 266136, 259.89, Right
493, 239681, 234.06, Left
493, 245536, 239.78, Right
494, 230213, 224.81, Left
494, 233819, 228.33, Right
497, 254479, 248.51, Left
497, 272480, 266.09, Right
500, 309387, 302.13, Left
500, 315957, 308.55, Right
503, 277428, 270.92, Left
503, 287890, 281.14, Right
505, 276044, 269.57, Left
505, 282322, 275.70, Right
507, 260467, 254.36, Left
507, 265880, 259.64, Right
508, 269759, 263.43, Left
508, 279604, 273.05, Right
511, 267421, 261.15, Left
511, 305833, 298.66, Right
512, 283272, 276.63, Left
512, 306402, 299.22, Right
513, 282703, 276.07, Left
513, 299475, 292.45, Right
515, 302754, 295.65, Left
515, 319350, 311.86, Right
518, 290992, 284.17, Left
518, 308045, 300.82, Right
521, 301607, 294.53, Left
521, 313654, 306.30, Right
524, 309635, 302.37, Left
524, 326408, 318.75, Right
526, 326654, 318.99, Left
526, 344429, 336.35, Right
527, 299028, 292.01, Left
527, 319398, 311.91, Right
530, 256258, 250.25, Left
530, 271480, 265.11, Right
533, 243624, 237.91, Left
533, 246856, 241.07, Right
536, 245034, 239.29, Left
536, 256897, 250.87, Right
539, 256184, 250.17, Left
539, 257556, 251.51, Right
543, 263877, 257.69, Left
543, 275102, 268.65, Right
546, 302056, 294.97, Left
546, 309668, 302.41, Right
550, 346105, 337.99, Left
550, 360070, 351.63, Right
553, 336927, 329.03, Left
553, 352623, 344.35, Right
557, 348239, 340.07, Left
557, 364025, 355.49, Right
561, 340847, 332.85, Left
561, 354347, 346.04, Right
564, 284572, 277.90, Left
564, 291256, 284.42, Right
568, 282272, 275.65, Left
568, 291623, 284.78, Right
572, 263640, 257.46, Left
572, 271057, 264.70, Right
576, 311262, 303.96, Left
576, 327341, 319.66, Right
580, 318860, 311.38, Left
580, 345103, 337.01, Right
584, 348418, 340.25, Left
584, 360209, 351.76, Right
588, 296904, 289.94, Left
588, 312511, 305.18, Right
592, 295087, 288.17, Left
592, 298682, 291.68, Right
596, 318511, 311.04, Left
596, 334731, 326.88, Right
600, 339975, 332.00, Left
600, 357506, 349.12, Right
605, 366223, 357.63, Left
605, 383863, 374.86, Right
610, 342668, 334.63, Left
610, 357037, 348.66, Right
614, 323137, 315.56, Left
614, 333749, 325.92, Right
618, 287897, 281.14, Left
618, 293519, 286.63, Right
622, 281245, 274.65, Left
622, 284656, 277.98, Right
626, 266905, 260.64, Left
626, 270358, 264.02, Right
630, 270674, 264.33, Left
630, 282026, 275.41, Right
635, 336606, 328.71, Left
635, 345422, 337.32, Right
639, 350856, 342.63, Left
639, 368752, 360.10, Right
643, 364345, 355.80, Left
643, 395152, 385.89, Right
647, 383264, 374.28, Left
647, 398157, 388.82, Right
651, 281470, 274.87, Left
651, 292743, 285.88, Right
654, 280599, 274.02, Left
654, 285176, 278.49, Right
657, 278491, 271.96, Left
657, 288531, 281.76, Right
661, 322795, 315.22, Left
661, 340596, 332.61, Right
664, 323946, 316.35, Left
664, 360289, 351.84, Right
667, 313482, 306.13, Left
667, 334203, 326.37, Right
670, 306137, 298.96, Left
670, 328116, 320.42, Right
674, 344392, 336.32, Left
674, 359888, 351.45, Right
678, 351189, 342.95, Left
678, 374886, 366.09, Right
682, 262032, 255.89, Left
682, 298850, 291.84, Right
685, 270680, 264.33, Left
685, 273893, 267.47, Right
688, 300288, 293.25, Left
688, 316108, 308.69, Right
691, 277789, 271.27, Left
691, 266951, 260.69, Right
694, 251228, 245.33, Left
694, 259651, 253.56, Right
697, 271441, 265.07, Left
697, 266104, 259.86, Right
699, 266910, 260.65, Left
699, 273811, 267.39, Right
700, 248178, 242.36, Left
700, 248620, 242.79, Right
701, 248880, 243.04, Left
701, 254475, 248.51, Right
704, 290485, 283.67, Left
704, 293165, 286.29, Right
705, 286576, 279.85, Left
705, 299728, 292.70, Right
706, 271806, 265.43, Left
706, 270242, 263.90, Right
709, 272003, 265.62, Left
709, 277015, 270.52, Right
710, 274384, 267.95, Left
710, 283674, 277.02, Right
711, 253585, 247.64, Left
711, 276277, 269.80, Right
712, 275758, 269.29, Left
712, 283105, 276.46, Right
715, 321931, 314.38, Left
715, 338962, 331.01, Right
719, 319962, 312.46, Left
719, 346147, 338.03, Right
721, 321918, 314.37, Left
721, 347999, 339.84, Right
722, 278500, 271.97, Left
722, 301482, 294.41, Right
723, 285477, 278.78, Left
723, 290008, 283.21, Right
727, 330264, 322.52, Left
727, 351272, 343.03, Right
731, 331710, 323.93, Left
731, 353599, 345.31, Right
733, 287044, 280.31, Left
733, 307720, 300.50, Right
734, 248970, 243.13, Left
734, 272176, 265.79, Right
735, 246267, 240.49, Left
735, 255004, 249.02, Right
736, 251410, 245.51, Left
736, 270894, 264.54, Right
737, 236274, 230.73, Left
737, 264768, 258.56, Right
738, 233320, 227.85, Left
738, 247258, 241.46, Right
739, 246613, 240.83, Left
739, 265599, 259.37, Right
740, 228993, 223.62, Left
740, 242438, 236.75, Right
741, 227032, 221.71, Left
741, 229970, 224.58, Right
742, 202828, 198.07, Left
742, 221795, 216.59, Right
743, 201814, 197.08, Left
743, 221254, 216.06, Right
744, 212017, 207.04, Left
744, 217631, 212.53, Right
745, 207772, 202.90, Left
745, 220838, 215.66, Right
746, 213474, 208.47, Left
746, 223875, 218.62, Right
747, 228732, 223.37, Left
747, 225107, 219.83, Right
748, 222508, 217.29, Left
748, 222921, 217.69, Right
749, 218505, 213.38, Left
749, 228428, 223.07, Right
750, 229154, 223.78, Left
750, 227912, 222.57, Right
751, 241479, 235.81, Left
751, 234966, 229.45, Right
753, 259578, 253.49, Left
753, 263986, 257.79, Right
754, 265386, 259.16, Left
754, 271271, 264.91, Right
756, 258969, 252.89, Left
756, 268250, 261.96, Right
757, 243460, 237.75, Left
757, 262022, 255.88, Right
758, 245227, 239.47, Left
758, 249499, 243.65, Right
759, 239221, 233.61, Left
759, 250361, 244.49, Right
760, 239627, 234.01, Left
760, 258166, 252.11, Right
761, 237016, 231.46, Left
761, 268701, 262.40, Right
762, 230191, 224.79, Left
762, 252878, 246.95, Right
763, 218505, 213.38, Left
763, 231113, 225.69, Right
766, 243379, 237.67, Left
766, 246804, 241.01, Right
769, 247199, 241.40, Left
769, 250431, 244.56, Right
772, 244222, 238.49, Left
772, 250432, 244.56, Right
775, 224329, 219.07, Left
775, 234421, 228.92, Right
776, 226918, 221.59, Left
776, 235177, 229.66, Right
777, 234234, 228.74, Left
777, 237919, 232.34, Right
778, 241391, 235.73, Left
778, 249480, 243.63, Right
779, 240166, 234.53, Left
779, 253354, 247.41, Right
780, 246671, 240.88, Left
780, 264870, 258.66, Right
781, 250841, 244.96, Left
781, 254290, 248.33, Right
782, 241306, 235.65, Left
782, 260233, 254.13, Right
783, 245482, 239.72, Left
783, 261899, 255.76, Right
784, 257766, 251.72, Left
784, 254085, 248.12, Right
785, 250233, 244.36, Left
785, 266582, 260.33, Right
786, 254601, 248.63, Left
786, 265133, 258.91, Right
787, 254797, 248.82, Left
787, 253251, 247.31, Right
788, 252473, 246.55, Left
788, 250527, 244.65, Right
789, 240961, 235.31, Left
789, 239231, 233.62, Right
790, 232631, 227.17, Left
790, 229524, 224.14, Right
791, 222054, 216.84, Left
791, 218933, 213.80, Right
792, 230924, 225.51, Left
792, 224905, 219.63, Right
793, 229836, 224.44, Left
793, 232735, 227.28, Right
794, 255525, 249.53, Left
794, 236182, 230.64, Right
795, 249322, 243.47, Left
795, 256934, 250.91, Right
796, 273047, 266.64, Left
796, 279439, 272.88, Right
797, 283407, 276.76, Left
797, 284814, 278.13, Right
798, 267392, 261.12, Left
798, 271727, 265.35, Right
799, 274727, 268.28, Left
799, 281276, 274.68, Right
800, 268780, 262.48, Left
800, 273719, 267.30, Right
803, 267876, 261.59, Left
803, 271064, 264.71, Right
806, 264046, 257.85, Left
806, 273365, 266.95, Right
808, 270793, 264.44, Left
808, 286293, 279.58, Right
809, 273327, 266.92, Left
809, 283878, 277.22, Right
810, 258316, 252.26, Left
810, 262342, 256.19, Right
811, 257422, 251.38, Left
811, 265577, 259.35, Right
812, 250757, 244.87, Left
812, 272944, 266.54, Right
813, 264580, 258.37, Left
813, 265735, 259.50, Right
814, 260169, 254.07, Left
814, 273830, 267.41, Right
815, 268314, 262.02, Left
815, 283953, 277.29, Right
817, 283320, 276.67, Left
817, 294709, 287.80, Right
818, 295066, 288.15, Left
818, 313539, 306.19, Right
820, 274584, 268.14, Left
820, 290880, 284.06, Right
823, 279683, 273.12, Left
823, 302599, 295.50, Right
826, 285723, 279.02, Left
826, 300235, 293.19, Right
827, 258822, 252.75, Left
827, 287544, 280.80, Right
828, 271115, 264.76, Left
828, 269353, 263.04, Right
829, 263324, 257.15, Left
829, 282979, 276.34, Right
830, 275831, 269.36, Left
830, 288494, 281.73, Right
831, 287786, 281.04, Left
831, 301356, 294.29, Right
832, 281151, 274.56, Left
832, 276659, 270.17, Right
833, 262072, 255.92, Left
833, 280965, 274.37, Right
834, 264474, 258.27, Left
834, 263360, 257.18, Right
835, 267087, 260.82, Left
835, 279590, 273.03, Right
836, 252027, 246.12, Left
836, 262483, 256.33, Right
839, 267202, 260.93, Left
839, 267994, 261.71, Right
842, 286493, 279.77, Left
842, 307709, 300.49, Right
845, 313244, 305.90, Left
845, 330656, 322.90, Right
848, 275131, 268.68, Left
848, 303456, 296.34, Right
852, 330275, 322.53, Left
852, 357976, 349.58, Right
856, 322837, 315.27, Left
856, 344490, 336.41, Right
860, 324896, 317.28, Left
860, 331682, 323.90, Right
864, 326742, 319.08, Left
864, 321738, 314.19, Right
869, 358746, 350.33, Left
869, 377608, 368.75, Right
873, 292454, 285.59, Left
873, 306220, 299.04, Right
877, 266609, 260.36, Left
877, 271274, 264.91, Right
880, 263659, 257.47, Left
880, 274718, 268.27, Right
884, 275356, 268.90, Left
884, 285097, 278.41, Right
888, 274907, 268.46, Left
888, 291055, 284.23, Right
892, 298107, 291.12, Left
892, 313636, 306.28, Right
897, 341833, 333.82, Left
897, 356437, 348.08, Right
901, 277853, 271.34, Left
901, 283234, 276.59, Right
906, 333516, 325.69, Left
906, 351257, 343.02, Right
911, 322557, 314.99, Left
911, 327869, 320.18, Right
915, 287824, 281.07, Left
915, 293881, 286.99, Right
919, 217691, 212.58, Left
919, 223176, 217.94, Right
923, 284795, 278.12, Left
923, 292713, 285.85, Right
929, 307932, 300.71, Left
929, 316356, 308.94, Right
934, 288127, 281.37, Left
934, 285868, 279.16, Right
939, 286842, 280.11, Left
939, 293162, 286.29, Right
944, 305898, 298.72, Left
944, 319381, 311.89, Right
949, 313355, 306.01, Left
949, 317818, 310.36, Right
954, 322986, 315.41, Left
954, 337253, 329.34, Right
958, 354552, 346.24, Left
958, 359295, 350.87, Right
962, 351039, 342.81, Left
962, 346822, 338.69, Right
966, 262707, 256.54, Left
966, 290279, 283.47, Right
970, 373547, 364.79, Left
970, 398820, 389.47, Right
974, 382069, 373.11, Left
974, 409772, 400.16, Right
977, 358174, 349.77, Left
977, 373717, 364.95, Right
981, 360923, 352.46, Left
981, 380995, 372.06, Right
985, 364168, 355.63, Left
985, 382503, 373.53, Right
988, 322696, 315.13, Left
988, 335992, 328.11, Right
989, 291909, 285.06, Left
989, 306924, 299.73, Right
990, 252504, 246.58, Left
990, 258314, 252.25, Right
991, 262459, 256.30, Left
991, 268987, 262.68, Right
992, 249384, 243.53, Left
992, 257179, 251.15, Right
993, 248270, 242.45, Left
993, 257039, 251.01, Right
994, 260336, 254.23, Left
994, 269742, 263.41, Right
995, 266045, 259.80, Left
995, 271820, 265.44, Right
996, 263320, 257.14, Left
996, 271045, 264.69, Right
997, 261106, 254.98, Left
997, 269665, 263.34, Right
998, 267309, 261.04, Left
998, 274223, 267.79, Right
999, 250799, 244.92, Left
999, 264004, 257.81, Right
1000, 232967, 227.50, Left
1000, 241546, 235.88, Right
1001, 238218, 232.63, Left
1001, 234213, 228.72, Right
1002, 235679, 230.15, Left
1002, 243148, 237.44, Right
1003, 243049, 237.35, Left
1003, 243581, 237.87, Right
1006, 246470, 240.69, Left
1006, 268207, 261.92, Right
1007, 253811, 247.86, Left
1007, 255568, 249.57, Right
1009, 245702, 239.94, Left
1009, 256494, 250.48, Right
1010, 273619, 267.20, Left
1010, 284737, 278.06, Right
1011, 265164, 258.94, Left
1011, 295976, 289.03, Right
1013, 248702, 242.87, Left
1013, 270186, 263.85, Right
1014, 259224, 253.14, Left
1014, 269814, 263.49, Right
1015, 253413, 247.47, Left
1015, 257677, 251.63, Right
1016, 245355, 239.60, Left
1016, 243121, 237.42, Right
1019, 270612, 264.26, Left
1019, 280346, 273.77, Right
1022, 273288, 266.88, Left
1022, 272575, 266.18, Right
1025, 241943, 236.27, Left
1025, 244523, 238.79, Right
1029, 284609, 277.93, Left
1029, 301267, 294.20, Right
1034, 287231, 280.49, Left
1034, 300317, 293.27, Right
1037, 243122, 237.42, Left
1037, 258752, 252.68, Right
1040, 231815, 226.38, Left
1040, 233358, 227.88, Right
1045, 280405, 273.83, Left
1045, 282962, 276.33, Right
1050, 273208, 266.80, Left
1050, 272219, 265.83, Right
1053, 266842, 260.58, Left
1053, 261129, 255.00, Right
1054, 238082, 232.50, Left
1054, 226250, 220.94, Right
1055, 226548, 221.23, Left
1055, 228905, 223.54, Right
1058, 257324, 251.29, Left
1058, 268314, 262.02, Right
1061, 254595, 248.62, Left
1061, 259420, 253.33, Right
1065, 305115, 297.96, Left
1065, 306734, 299.54, Right
1069, 291369, 284.54, Left
1069, 292906, 286.04, Right
1070, 262166, 256.02, Left
1070, 266242, 260.00, Right
1071, 249287, 243.44, Left
1071, 242619, 236.93, Right
1072, 240423, 234.78, Left
1072, 228225, 222.87, Right
1073, 232282, 226.83, Left
1073, 230983, 225.56, Right
1074, 218217, 213.10, Left
1074, 213526, 208.52, Right
1075, 189434, 184.99, Left
1075, 189212, 184.77, Right
1076, 188292, 183.87, Left
1076, 187486, 183.09, Right
1077, 205705, 200.88, Left
1077, 204184, 199.39, Right
1078, 213073, 208.07, Left
1078, 211227, 206.27, Right
1079, 200305, 195.61, Left
1079, 197430, 192.80, Right
1080, 197983, 193.34, Left
1080, 200614, 195.91, Right
1082, 207163, 202.30, Left
1082, 217820, 212.71, Right
1083, 204719, 199.92, Left
1083, 219873, 214.71, Right
1086, 219588, 214.44, Left
1086, 238753, 233.15, Right
1087, 222850, 217.62, Left
1087, 243560, 237.85, Right
1088, 205601, 200.78, Left
1088, 224087, 218.83, Right
1089, 208002, 203.12, Left
1089, 227987, 222.64, Right
1090, 204259, 199.47, Left
1090, 221435, 216.24, Right
1091, 216802, 211.72, Left
1091, 227259, 221.93, Right
1092, 234447, 228.95, Left
1092, 231092, 225.67, Right
1093, 234821, 229.31, Left
1093, 239661, 234.04, Right
1094, 229116, 223.74, Left
1094, 226990, 221.66, Right
1095, 216157, 211.09, Left
1095, 217280, 212.18, Right
1096, 209581, 204.66, Left
1096, 206075, 201.24, Right
1097, 197810, 193.17, Left
1097, 200645, 195.94, Right
1098, 198896, 194.23, Left
1098, 205107, 200.29, Right
1099, 202179, 197.44, Left
1099, 211731, 206.76, Right
1100, 193369, 188.83, Left
1100, 209418, 204.50, Right
1101, 184842, 180.50, Left
1101, 200150, 195.45, Right
1102, 188797, 184.37, Left
1102, 207699, 202.83, Right
1103, 197218, 192.59, Left
1103, 222675, 217.45, Right
1104, 182413, 178.13, Left
1104, 204545, 199.75, Right
1105, 180087, 175.86, Left
1105, 192218, 187.71, Right
1106, 173972, 169.89, Left
1106, 184642, 180.31, Right
1107, 187399, 183.00, Left
1107, 197177, 192.55, Right
1108, 185899, 181.54, Left
1108, 192058, 187.55, Right
1109, 188457, 184.04, Left
1109, 190657, 186.18, Right
1110, 190413, 185.95, Left
1110, 198599, 193.94, Right
1111, 197956, 193.31, Left
1111, 201914, 197.18, Right
1112, 204225, 199.43, Left
1112, 210606, 205.66, Right
1113, 204160, 199.37, Left
1113, 216352, 211.28, Right
1114, 216319, 211.24, Left
1114, 226611, 221.29, Right
1115, 227517, 222.18, Left
1115, 238017, 232.43, Right
1116, 235306, 229.79, Left
1116, 247606, 241.80, Right
1117, 263876, 257.69, Left
1117, 284395, 277.72, Right
1118, 281445, 274.84, Left
1118, 303664, 296.54, Right
1119, 282803, 276.17, Left
1119, 296573, 289.62, Right
1120, 249927, 244.06, Left
1120, 256581, 250.56, Right
1121, 239232, 233.62, Left
1121, 244240, 238.51, Right
1124, 295532, 288.60, Left
1124, 305334, 298.17, Right
1127, 319458, 311.97, Left
1127, 315636, 308.23, Right
1131, 327433, 319.75, Left
1131, 316935, 309.50, Right
1132, 272431, 266.04, Left
1132, 267248, 260.98, Right
1135, 251481, 245.58, Left
1135, 253840, 247.89, Right
1138, 278999, 272.45, Left
1138, 270477, 264.13, Right
1142, 303788, 296.66, Left
1142, 314007, 306.64, Right
1146, 310580, 303.30, Left
1146, 298730, 291.72, Right
1150, 307334, 300.13, Left
1150, 311780, 304.47, Right
1154, 324142, 316.54, Left
1154, 330556, 322.80, Right
1158, 348910, 340.73, Left
1158, 366978, 358.37, Right
1161, 366840, 358.24, Left
1161, 369667, 361.00, Right
1165, 379123, 370.23, Left
1165, 392660, 383.45, Right
1170, 372369, 363.64, Left
1170, 383690, 374.69, Right
1174, 358992, 350.57, Left
1174, 369591, 360.92, Right
1178, 346671, 338.54, Left
1178, 335753, 327.88, Right
1181, 262583, 256.42, Left
1181, 271460, 265.09, Right
1184, 260879, 254.76, Left
1184, 261477, 255.34, Right
1187, 270319, 263.98, Left
1187, 284787, 278.11, Right
1191, 289026, 282.25, Left
1191, 301719, 294.64, Right
1193, 332155, 324.37, Left
1193, 350222, 342.01, Right
1196, 302395, 295.30, Left
1196, 316618, 309.19, Right
1200, 314696, 307.32, Left
1200, 342856, 334.82, Right
1204, 301917, 294.84, Left
1204, 313590, 306.24, Right
1208, 284884, 278.20, Left
1208, 285606, 278.91, Right
1213, 257785, 251.74, Left
1213, 263004, 256.83, Right
1218, 269824, 263.50, Left
1218, 284768, 278.09, Right
1223, 325584, 317.95, Left
1223, 344143, 336.07, Right
1228, 315457, 308.06, Left
1228, 326744, 319.08, Right
1232, 316814, 309.38, Left
1232, 345682, 337.58, Right
1236, 337820, 329.90, Left
1236, 357810, 349.42, Right
1240, 350409, 342.19, Left
1240, 385704, 376.66, Right
1244, 295394, 288.47, Left
1244, 328574, 320.87, Right
1247, 271264, 264.90, Left
1247, 273298, 266.89, Right
1251, 313781, 306.42, Left
1251, 332742, 324.94, Right
1255, 333274, 325.46, Left
1255, 351373, 343.13, Right
1259, 337268, 329.36, Left
1259, 350453, 342.23, Right
1263, 302406, 295.31, Left
1263, 331022, 323.26, Right
1267, 309290, 302.04, Left
1267, 329773, 322.04, Right
1271, 339534, 331.57, Left
1271, 357814, 349.42, Right
1276, 351661, 343.41, Left
1276, 366053, 357.47, Right
1280, 300550, 293.50, Left
1280, 315470, 308.07, Right
1283, 290385, 283.57, Left
1283, 288320, 281.56, Right
1286, 274550, 268.11, Left
1286, 280687, 274.10, Right
1289, 257348, 251.31, Left
1289, 259457, 253.37, Right
1292, 265563, 259.33, Left
1292, 260919, 254.80, Right
1295, 274559, 268.12, Left
1295, 275976, 269.50, Right
1298, 250510, 244.63, Left
1298, 268285, 261.99, Right
1300, 233600, 228.12, Left
1300, 236560, 231.01, Right
1303, 241441, 235.78, Left
1303, 240799, 235.15, Right
1306, 235980, 230.44, Left
1306, 242230, 236.55, Right
1309, 232895, 227.43, Left
1309, 234356, 228.86, Right
1312, 244292, 238.56, Left
1312, 243706, 237.99, Right
1315, 256491, 250.47, Left
1315, 255208, 249.22, Right
1317, 232892, 227.43, Left
1317, 235737, 230.21, Right
1320, 243289, 237.58, Left
1320, 256687, 250.67, Right
1323, 276464, 269.98, Left
1323, 291271, 284.44, Right
1325, 281154, 274.56, Left
1325, 299064, 292.05, Right
1326, 246702, 240.91, Left
1326, 262200, 256.05, Right
1327, 254837, 248.86, Left
1327, 269343, 263.03, Right
1330, 274243, 267.81, Left
1330, 292604, 285.74, Right
1331, 256790, 250.77, Left
1331, 274829, 268.38, Right
1332, 258213, 252.16, Left
1332, 280201, 273.63, Right
1334, 253694, 247.74, Left
1334, 272676, 266.28, Right
1337, 280257, 273.68, Left
1337, 301737, 294.66, Right
1338, 270595, 264.25, Left
1338, 289454, 282.66, Right
1342, 290098, 283.29, Left
1342, 315496, 308.10, Right
1346, 293889, 287.00, Left
1346, 316355, 308.94, Right
1347, 296194, 289.25, Left
1347, 323414, 315.83, Right
1348, 293126, 286.25, Left
1348, 315255, 307.86, Right
1349, 263598, 257.41, Left
1349, 266696, 260.44, Right
1350, 247011, 241.22, Left
1350, 254094, 248.13, Right
1351, 240482, 234.84, Left
1351, 250087, 244.22, Right
1352, 265368, 259.14, Left
1352, 282114, 275.50, Right
1353, 236360, 230.82, Left
1353, 250982, 245.09, Right
1356, 245515, 239.76, Left
1356, 269926, 263.59, Right
1357, 240537, 234.89, Left
1357, 260566, 254.45, Right
1358, 235696, 230.17, Left
1358, 256412, 250.40, Right
1359, 225393, 220.11, Left
1359, 239216, 233.60, Right
1360, 229892, 224.50, Left
1360, 242338, 236.65, Right
1361, 234063, 228.57, Left
1361, 247200, 241.40, Right
1362, 239074, 233.47, Left
1362, 246474, 240.69, Right
1365, 240874, 235.22, Left
1365, 240905, 235.25, Right
1368, 245217, 239.46, Left
1368, 244365, 238.63, Right
1371, 217821, 212.71, Left
1371, 222159, 216.95, Right
1374, 225947, 220.65, Left
1374, 233866, 228.38, Right
1377, 245805, 240.04, Left
1377, 253708, 247.76, Right
1380, 246453, 240.67, Left
1380, 257963, 251.91, Right
1381, 232223, 226.78, Left
1381, 240777, 235.13, Right
1384, 249733, 243.87, Left
1384, 258923, 252.85, Right
1385, 247006, 241.21, Left
1385, 252757, 246.83, Right
1388, 264575, 258.37, Left
1388, 274062, 267.63, Right
1391, 279498, 272.94, Left
1391, 294465, 287.56, Right
1394, 278418, 271.89, Left
1394, 278373, 271.84, Right
1397, 245181, 239.43, Left
1397, 273573, 267.16, Right
1400, 219614, 214.46, Left
1400, 235611, 230.08, Right
1403, 233662, 228.18, Left
1403, 250230, 244.36, Right
1406, 227932, 222.58, Left
1406, 229386, 224.00, Right
1409, 240147, 234.51, Left
1409, 252776, 246.85, Right
1412, 264836, 258.62, Left
1412, 283903, 277.24, Right
1415, 296996, 290.03, Left
1415, 314939, 307.55, Right
1418, 302881, 295.78, Left
1418, 325979, 318.33, Right
1421, 258376, 252.32, Left
1421, 276059, 269.58, Right
1424, 267655, 261.38, Left
1424, 286196, 279.48, Right
1427, 286161, 279.45, Left
1427, 299331, 292.31, Right
1430, 259385, 253.30, Left
1430, 267845, 261.56, Right
1433, 237379, 231.81, Left
1433, 241616, 235.95, Right
1436, 291851, 285.01, Left
1436, 299491, 292.47, Right
1439, 259087, 253.01, Left
1439, 261419, 255.29, Right
1443, 319238, 311.75, Left
1443, 330500, 322.75, Right
1447, 292479, 285.62, Left
1447, 291204, 284.37, Right
1451, 328076, 320.38, Left
1451, 330819, 323.06, Right
1455, 286540, 279.82, Left
1455, 288732, 281.96, Right
1459, 333204, 325.39, Left
1459, 331412, 323.64, Right
1463, 332513, 324.71, Left
1463, 338276, 330.34, Right
1467, 349381, 341.19, Left
1467, 358635, 350.22, Right
1471, 286037, 279.33, Left
1471, 278472, 271.94, Right
1475, 275858, 269.39, Left
1475, 273074, 266.67, Right
1479, 289607, 282.81, Left
1479, 294957, 288.04, Right
1483, 246075, 240.30, Left
1483, 266319, 260.07, Right
1488, 293193, 286.32, Left
1488, 314493, 307.12, Right
1493, 313289, 305.94, Left
1493, 327665, 319.98, Right
1497, 260362, 254.25, Left
1497, 267225, 260.96, Right
1501, 293058, 286.18, Left
1501, 318282, 310.82, Right
1505, 252167, 246.25, Left
1505, 287325, 280.59, Right
1508, 246256, 240.48, Left
1508, 262059, 255.91, Right
1512, 276634, 270.15, Left
1512, 295431, 288.50, Right
1516, 281319, 274.72, Left
1516, 291639, 284.80, Right
1520, 351002, 342.77, Left
1520, 375650, 366.84, Right
1524, 316072, 308.66, Left
1524, 343771, 335.71, Right
1528, 331785, 324.00, Left
1528, 354158, 345.85, Right
1532, 324017, 316.42, Left
1532, 342866, 334.83, Right
1537, 380982, 372.05, Left
1537, 407664, 398.10, Right
1540, 334122, 326.29, Left
1540, 329598, 321.87, Right
1543, 283443, 276.79, Left
1543, 302117, 295.03, Right
1546, 275267, 268.81, Left
1546, 286068, 279.36, Right
1547, 267140, 260.87, Left
1547, 276948, 270.45, Right
1548, 261659, 255.52, Left
1548, 270695, 264.35, Right
1549, 266004, 259.76, Left
1549, 272685, 266.29, Right
1552, 274322, 267.89, Left
1552, 279933, 273.37, Right
1553, 281578, 274.97, Left
1553, 293627, 286.74, Right
1554, 284353, 277.68, Left
1554, 294235, 287.33, Right
1555, 270135, 263.80, Left
1555, 273019, 266.62, Right
1558, 261035, 254.91, Left
1558, 278544, 272.01, Right
1561, 278734, 272.20, Left
1561, 283413, 276.77, Right
1564, 309342, 302.09, Left
1564, 321976, 314.42, Right
1568, 323549, 315.96, Left
1568, 335996, 328.12, Right
1573, 334104, 326.27, Left
1573, 344672, 336.59, Right
1577, 256667, 250.65, Left
1577, 276459, 269.97, Right
1581, 294090, 287.19, Left
1581, 304811, 297.66, Right
1586, 309832, 302.57, Left
1586, 321749, 314.20, Right
1590, 220911, 215.73, Left
1590, 226586, 221.27, Right
1593, 207877, 203.00, Left
1593, 225384, 220.10, Right
1596, 243593, 237.88, Left
1596, 253148, 247.21, Right
1600, 281283, 274.69, Left
1600, 296049, 289.11, Right
1603, 272986, 266.58, Left
1603, 274539, 268.10, Right
1607, 300995, 293.94, Left
1607, 302588, 295.49, Right
1612, 306769, 299.57, Left
1612, 313422, 306.07, Right
14, 293853, 286.96, Left
14, 324758, 317.14, Right
19, 286218, 279.50, Left
19, 329787, 322.05, Right
24, 291377, 284.54, Left
24, 326196, 318.55, Right
30, 282321, 275.70, Left
30, 317415, 309.97, Right
34, 276328, 269.85, Left
34, 309166, 301.91, Right
39, 271428, 265.06, Left
39, 306813, 299.62, Right
44, 267544, 261.27, Left
44, 307692, 300.48, Right
47, 269091, 262.78, Left
47, 311025, 303.73, Right
51, 274362, 267.93, Left
51, 315302, 307.91, Right
56, 272972, 266.57, Left
56, 310651, 303.37, Right
60, 267354, 261.08, Left
60, 302211, 295.12, Right
64, 277127, 270.63, Left
64, 310593, 303.31, Right
65, 275978, 269.50, Left
65, 312639, 305.31, Right
66, 265633, 259.40, Left
66, 304223, 297.09, Right
69, 264538, 258.33, Left
69, 295487, 288.56, Right
72, 255330, 249.34, Left
72, 291659, 284.82, Right
76, 272667, 266.27, Left
76, 310369, 303.09, Right
80, 266070, 259.83, Left
80, 298681, 291.68, Right
84, 257865, 251.82, Left
84, 295219, 288.29, Right
88, 264139, 257.94, Left
88, 305248, 298.09, Right
92, 265409, 259.18, Left
92, 301957, 294.87, Right
95, 267630, 261.35, Left
95, 303441, 296.32, Right
98, 254511, 248.54, Left
98, 276531, 270.04, Right
101, 250523, 244.65, Left
101, 283399, 276.75, Right
105, 263203, 257.03, Left
105, 302711, 295.61, Right
108, 269741, 263.41, Left
108, 305437, 298.27, Right
110, 261306, 255.18, Left
110, 289447, 282.66, Right
111, 250077, 244.21, Left
111, 283002, 276.36, Right
112, 240894, 235.24, Left
112, 266146, 259.90, Right
115, 244554, 238.82, Left
115, 272258, 265.87, Right
117, 239698, 234.08, Left
117, 271274, 264.91, Right
120, 259464, 253.38, Left
120, 289484, 282.69, Right
121, 270790, 264.44, Left
121, 301306, 294.24, Right
122, 267559, 261.28, Left
122, 293266, 286.39, Right
123, 254856, 248.88, Left
123, 278877, 272.34, Right
124, 243362, 237.65, Left
124, 267867, 261.58, Right
125, 253576, 247.63, Left
125, 262378, 256.22, Right
126, 234002, 228.51, Left
126, 253913, 247.96, Right
127, 238991, 233.38, Left
127, 262388, 256.23, Right
128, 241865, 236.19, Left
128, 272013, 265.63, Right
129, 241321, 235.66, Left
129, 270880, 264.53, Right
130, 243306, 237.60, Left
130, 275416, 268.96, Right
131, 240986, 235.33, Left
131, 274555, 268.12, Right
132, 249732, 243.87, Left
132, 278901, 272.36, Right
133, 263837, 257.65, Left
133, 296783, 289.82, Right
134, 260138, 254.04, Left
134, 292608, 285.75, Right
135, 250488, 244.61, Left
135, 280048, 273.48, Right
136, 246255, 240.48, Left
136, 270780, 264.43, Right
137, 237053, 231.49, Left
137, 257011, 250.98, Right
138, 254230, 248.27, Left
138, 278633, 272.10, Right
139, 250532, 244.66, Left
139, 277525, 271.02, Right
140, 249337, 243.49, Left
140, 275892, 269.42, Right
142, 260372, 254.26, Left
142, 288581, 281.81, Right
143, 258879, 252.81, Left
143, 291061, 284.23, Right
144, 249644, 243.79, Left
144, 278198, 271.67, Right
145, 240976, 235.32, Left
145, 265155, 258.94, Right
146, 242455, 236.77, Left
146, 266569, 260.32, Right
148, 238635, 233.04, Left
148, 275860, 269.39, Right
150, 236841, 231.29, Left
150, 272722, 266.33, Right
151, 238247, 232.66, Left
151, 269335, 263.02, Right
152, 220761, 215.58, Left
152, 240195, 234.56, Right
153, 226771, 221.45, Left
153, 234924, 229.41, Right
154, 225991, 220.69, Left
154, 235997, 230.46, Right
155, 216265, 211.19, Left
155, 228347, 222.99, Right
156, 239004, 233.40, Left
156, 251784, 245.88, Right
158, 231903, 226.46, Left
158, 253369, 247.43, Right
160, 240018, 234.39, Left
160, 257469, 251.43, Right
161, 250599, 244.72, Left
161, 265845, 259.61, Right
162, 227664, 222.32, Left
162, 242219, 236.54, Right
163, 222960, 217.73, Left
163, 228063, 222.71, Right
167, 240915, 235.26, Left
167, 245723, 239.96, Right
169, 257196, 251.16, Left
169, 256807, 250.78, Right
170, 256917, 250.89, Left
170, 259150, 253.07, Right
171, 236410, 230.86, Left
171, 242094, 236.41, Right
175, 277655, 271.14, Left
175, 302203, 295.12, Right
179, 274478, 268.04, Left
179, 299065, 292.05, Right
182, 246931, 241.14, Left
182, 262062, 255.91, Right
183, 257895, 251.85, Left
183, 272974, 266.57, Right
184, 225535, 220.24, Left
184, 240553, 234.91, Right
185, 212378, 207.40, Left
185, 222698, 217.47, Right
186, 221370, 216.18, Left
186, 231695, 226.26, Right
187, 285366, 278.67, Left
187, 301966, 294.88, Right
188, 252375, 246.45, Left
188, 263590, 257.41, Right
189, 211405, 206.45, Left
189, 219446, 214.30, Right
190, 223533, 218.29, Left
190, 233221, 227.75, Right
191, 245296, 239.54, Left
191, 257877, 251.83, Right
192, 231539, 226.11, Left
192, 236333, 230.79, Right
193, 244770, 239.03, Left
193, 252243, 246.33, Right
194, 222358, 217.14, Left
194, 226973, 221.65, Right
195, 199254, 194.58, Left
195, 208554, 203.66, Right
196, 209172, 204.26, Left
196, 208828, 203.93, Right
197, 220848, 215.67, Left
197, 229350, 223.97, Right
198, 225575, 220.28, Left
198, 229238, 223.86, Right
199, 209126, 204.22, Left
199, 214510, 209.48, Right
200, 206537, 201.69, Left
200, 205241, 200.43, Right
201, 207331, 202.47, Left
201, 209625, 204.71, Right
202, 224108, 218.85, Left
202, 228775, 223.41, Right
203, 238216, 232.63, Left
203, 241631, 235.96, Right
204, 242795, 237.10, Left
204, 236084, 230.55, Right
205, 237681, 232.11, Left
205, 252577, 246.65, Right
208, 297532, 290.55, Left
208, 304621, 297.48, Right
211, 265114, 258.90, Left
211, 275771, 269.30, Right
212, 276687, 270.20, Left
212, 283483, 276.83, Right
213, 253511, 247.56, Left
213, 257729, 251.68, Right
214, 248616, 242.78, Left
214, 252951, 247.02, Right
215, 221307, 216.12, Left
215, 227464, 222.13, Right
216, 247688, 241.88, Left
216, 245365, 239.61, Right
217, 243841, 238.12, Left
217, 270520, 264.17, Right
220, 312896, 305.56, Left
220, 335958, 328.08, Right
221, 280604, 274.02, Left
221, 297433, 290.46, Right
222, 293476, 286.59, Left
222, 318637, 311.16, Right
223, 284383, 277.71, Left
223, 314502, 307.13, Right
224, 286017, 279.31, Left
224, 309394, 302.14, Right
225, 272981, 266.58, Left
225, 289872, 283.07, Right
226, 299986, 292.95, Left
226, 331889, 324.11, Right
227, 281816, 275.21, Left
227, 309404, 302.15, Right
228, 303027, 295.92, Left
228, 317116, 309.68, Right
232, 371580, 362.87, Left
232, 395970, 386.68, Right
234, 361073, 352.61, Left
234, 387299, 378.22, Right
235, 346273, 338.15, Left
235, 353383, 345.10, Right
236, 320592, 313.07, Left
236, 326724, 319.06, Right
237, 275297, 268.84, Left
237, 281440, 274.84, Right
240, 262510, 256.35, Left
240, 273988, 267.56, Right
243, 260863, 254.74, Left
243, 257612, 251.57, Right
246, 267835, 261.55, Left
246, 274707, 268.26, Right
249, 285977, 279.27, Left
249, 298697, 291.69, Right
252, 271517, 265.15, Left
252, 289519, 282.73, Right
255, 278059, 271.54, Left
255, 286982, 280.25, Right
258, 299551, 292.53, Left
258, 308410, 301.18, Right
261, 339341, 331.38, Left
261, 406266, 396.74, Right
264, 335877, 328.00, Left
264, 359559, 351.13, Right
267, 359678, 351.24, Left
267, 374312, 365.53, Right
268, 335210, 327.35, Left
268, 347329, 339.18, Right
271, 285565, 278.87, Left
271, 292670, 285.81, Right
274, 277441, 270.93, Left
274, 306051, 298.87, Right
278, 316344, 308.92, Left
278, 333854, 326.02, Right
282, 313133, 305.79, Left
282, 347846, 339.69, Right
286, 282224, 275.60, Left
286, 304270, 297.13, Right
290, 319757, 312.26, Left
290, 329877, 322.14, Right
294, 288969, 282.19, Left
294, 301336, 294.27, Right
298, 308680, 301.44, Left
298, 321323, 313.79, Right
303, 271865, 265.49, Left
303, 263150, 256.98, Right
308, 208918, 204.02, Left
308, 212386, 207.40, Right
314, 213210, 208.21, Left
314, 212093, 207.12, Right
320, 195199, 190.62, Left
320, 200576, 195.87, Right
325, 336372, 328.48, Left
325, 334235, 326.40, Right
330, 360596, 352.14, Left
330, 369059, 360.40, Right
334, 333547, 325.72, Left
334, 332863, 325.06, Right
338, 366797, 358.20, Left
338, 373570, 364.81, Right
342, 384369, 375.36, Left
342, 410432, 400.81, Right
346, 296030, 289.09, Left
346, 291950, 285.10, Right
350, 284184, 277.52, Left
350, 292432, 285.57, Right
354, 358378, 349.97, Left
354, 357425, 349.04, Right
357, 336183, 328.30, Left
357, 337662, 329.74, Right
361, 312496, 305.17, Left
361, 313928, 306.57, Right
365, 311657, 304.35, Left
365, 317183, 309.74, Right
369, 325146, 317.52, Left
369, 321002, 313.47, Right
372, 296780, 289.82, Left
372, 328264, 320.57, Right
375, 276167, 269.69, Left
375, 271454, 265.09, Right
378, 268778, 262.47, Left
378, 276889, 270.39, Right
381, 241195, 235.54, Left
381, 251295, 245.40, Right
382, 261583, 255.45, Left
382, 273257, 266.85, Right
383, 228335, 222.98, Left
383, 244706, 238.97, Right
384, 236568, 231.02, Left
384, 233742, 228.26, Right
385, 238498, 232.90, Left
385, 233180, 227.71, Right
386, 231611, 226.18, Left
386, 233992, 228.50, Right
387, 249905, 244.04, Left
387, 241361, 235.70, Right
388, 251504, 245.60, Left
388, 246581, 240.80, Right
389, 249296, 243.45, Left
389, 253783, 247.83, Right
390, 263734, 257.55, Left
390, 253297, 247.36, Right
391, 268359, 262.06, Left
391, 257257, 251.22, Right
392, 256680, 250.66, Left
392, 267443, 261.17, Right
393, 276200, 269.72, Left
393, 277770, 271.25, Right
394, 281295, 274.70, Left
394, 282964, 276.33, Right
395, 271176, 264.82, Left
395, 273631, 267.21, Right
396, 281311, 274.71, Left
396, 286302, 279.59, Right
397, 262294, 256.14, Left
397, 261855, 255.71, Right
398, 243410, 237.70, Left
398, 262682, 256.52, Right
399, 255236, 249.25, Left
399, 251222, 245.33, Right
400, 248447, 242.62, Left
400, 263962, 257.77, Right
401, 261056, 254.93, Left
401, 273939, 267.51, Right
402, 254618, 248.65, Left
402, 265090, 258.87, Right
405, 296934, 289.97, Left
405, 316795, 309.37, Right
406, 298939, 291.93, Left
406, 319476, 311.98, Right
410, 281814, 275.20, Left
410, 309651, 302.39, Right
413, 295853, 288.91, Left
413, 326049, 318.40, Right
415, 279430, 272.88, Left
415, 297775, 290.79, Right
416, 287882, 281.13, Left
416, 312478, 305.15, Right
418, 283092, 276.45, Left
418, 307026, 299.83, Right
419, 294409, 287.50, Left
419, 320991, 313.46, Right
422, 297703, 290.72, Left
422, 321999, 314.45, Right
424, 289083, 282.30, Left
424, 317007, 309.57, Right
425, 278664, 272.13, Left
425, 301507, 294.44, Right
426, 266979, 260.72, Left
426, 282723, 276.09, Right
428, 290166, 283.36, Left
428, 315506, 308.11, Right
429, 299143, 292.13, Left
429, 314267, 306.90, Right
432, 286680, 279.96, Left
432, 313299, 305.95, Right
434, 286899, 280.17, Left
434, 317159, 309.72, Right
437, 295811, 288.87, Left
437, 323007, 315.43, Right
441, 293879, 286.99, Left
441, 325705, 318.07, Right
442, 277722, 271.21, Left
442, 311388, 304.08, Right
445, 296174, 289.23, Left
445, 324838, 317.22, Right
446, 282945, 276.31, Left
446, 306395, 299.21, Right
447, 273038, 266.63, Left
447, 287682, 280.93, Right
448, 248142, 242.32, Left
448, 260045, 253.95, Right
449, 241285, 235.62, Left
449, 264399, 258.20, Right
450, 236037, 230.50, Left
450, 255481, 249.49, Right
451, 236086, 230.55, Left
451, 248904, 243.07, Right
452, 251074, 245.18, Left
452, 268055, 261.77, Right
453, 235693, 230.16, Left
453, 253267, 247.33, Right
456, 277212, 270.71, Left
456, 307527, 300.31, Right
457, 270157, 263.82, Left
457, 279963, 273.40, Right
458, 244041, 238.32, Left
458, 261251, 255.12, Right
459, 246621, 240.84, Left
459, 258553, 252.49, Right
460, 254064, 248.10, Left
460, 258633, 252.57, Right
461, 251910, 246.00, Left
461, 268452, 262.16, Right
462, 258784, 252.71, Left
462, 266683, 260.43, Right
463, 247262, 241.46, Left
463, 251492, 245.59, Right
464, 247028, 241.23, Left
464, 252392, 246.47, Right
465, 241651, 235.98, Left
465, 247356, 241.55, Right
466, 236983, 231.42, Left
466, 233623, 228.14, Right
467, 231771, 226.33, Left
467, 230074, 224.68, Right
468, 224406, 219.14, Left
468, 227018, 221.69, Right
469, 224705, 219.43, Left
469, 229664, 224.28, Right
470, 220830, 215.65, Left
470, 227481, 222.14, Right
471, 218730, 213.60, Left
471, 225937, 220.64, Right
472, 224791, 219.52, Left
472, 233040, 227.57, Right
475, 246650, 240.86, Left
475, 259623, 253.53, Right
477, 237397, 231.83, Left
477, 248537, 242.71, Right
480, 240413, 234.77, Left
480, 247308, 241.51, Right
481, 238997, 233.39, Left
481, 256709, 250.69, Right
482, 233983, 228.49, Left
482, 240171, 234.54, Right
483, 236907, 231.35, Left
483, 245807, 240.04, Right
484, 237695, 232.12, Left
484, 259214, 253.13, Right
485, 253513, 247.57, Left
485, 258349, 252.29, Right
486, 253442, 247.50, Left
486, 270498, 264.15, Right
487, 257156, 251.12, Left
487, 274281, 267.85, Right
488, 244024, 238.30, Left
488, 254675, 248.70, Right
491, 242656, 236.96, Left
491, 253018, 247.08, Right
493, 239681, 234.06, Left
493, 245536, 239.78, Right
496, 256518, 250.50, Left
496, 252142, 246.23, Right
499, 308492, 301.26, Left
499, 322419, 314.86, Right
502, 311906, 304.59, Left
502, 314292, 306.92, Right
503, 277428, 270.92, Left
503, 287890, 281.14, Right
505, 276044, 269.57, Left
505, 282322, 275.70, Right
507, 260467, 254.36, Left
507, 265880, 259.64, Right
508, 269759, 263.43, Left
508, 279604, 273.05, Right
511, 267421, 261.15, Left
511, 305833, 298.66, Right
512, 283272, 276.63, Left
512, 306402, 299.22, Right
513, 282703, 276.07, Left
513, 299475, 292.45, Right
515, 302754, 295.65, Left
515, 319350, 311.86, Right
518, 290992, 284.17, Left
518, 308045, 300.82, Right
521, 301607, 294.53, Left
521, 313654, 306.30, Right
524, 309635, 302.37, Left
524, 326408, 318.75, Right
526, 326654, 318.99, Left
526, 344429, 336.35, Right
527, 299028, 292.01, Left
527, 319398, 311.91, Right
528, 264565, 258.36, Left
528, 275663, 269.20, Right
531, 245221, 239.47, Left
531, 258923, 252.85, Right
534, 235518, 229.99, Left
534, 248434, 242.61, Right
537, 241147, 235.49, Left
537, 254313, 248.35, Right
540, 247207, 241.41, Left
540, 270784, 264.43, Right
544, 270856, 264.50, Left
544, 291418, 284.58, Right
547, 291602, 284.76, Left
547, 305160, 298.00, Right
551, 340673, 332.68, Left
551, 356418, 348.06, Right
554, 350988, 342.76, Left
554, 366016, 357.43, Right
558, 347381, 339.23, Left
558, 357964, 349.57, Right
562, 325662, 318.02, Left
562, 321599, 314.06, Right
565, 266410, 260.16, Left
565, 272969, 266.57, Right
569, 307132, 299.93, Left
569, 312449, 305.12, Right
572, 263640, 257.46, Left
572, 271057, 264.70, Right
575, 328674, 320.97, Left
575, 346524, 338.40, Right
579, 319814, 312.31, Left
579, 324634, 317.02, Right
583, 344145, 336.07, Left
583, 348832, 340.65, Right
587, 314727, 307.35, Left
587, 331106, 323.34, Right
591, 275686, 269.22, Left
591, 289341, 282.55, Right
595, 307892, 300.67, Left
595, 321360, 313.82, Right
599, 346414, 338.29, Left
599, 364822, 356.27, Right
604, 366739, 358.14, Left
604, 383088, 374.10, Right
609, 354992, 346.67, Left
609, 374037, 365.27, Right
613, 319442, 311.95, Left
613, 328678, 320.97, Right
617, 291417, 284.58, Left
617, 297434, 290.46, Right
621, 280757, 274.17, Left
621, 284426, 277.75, Right
625, 269105, 262.79, Left
625, 276562, 270.08, Right
629, 242990, 237.29, Left
629, 251982, 246.07, Right
633, 309041, 301.79, Left
633, 320340, 312.83, Right
637, 330727, 322.97, Left
637, 346705, 338.57, Right
641, 352486, 344.22, Left
641, 378525, 369.65, Right
645, 354146, 345.84, Left
645, 378928, 370.04, Right
649, 347753, 339.60, Left
649, 365862, 357.28, Right
653, 268641, 262.34, Left
653, 281756, 275.15, Right
656, 274551, 268.11, Left
656, 281692, 275.08, Right
659, 293706, 286.82, Left
659, 311180, 303.88, Right
663, 340735, 332.74, Left
663, 376009, 367.19, Right
666, 305244, 298.08, Left
666, 323201, 315.62, Right
669, 294640, 287.73, Left
669, 329645, 321.91, Right
672, 299674, 292.65, Left
672, 318292, 310.83, Right
676, 353762, 345.47, Left
676, 383107, 374.12, Right
680, 322075, 314.52, Left
680, 327882, 320.19, Right
683, 266320, 260.07, Left
683, 264228, 258.03, Right
686, 274063, 267.63, Left
686, 292669, 285.80, Right
689, 300874, 293.82, Left
689, 321829, 314.28, Right
692, 247498, 241.69, Left
692, 251634, 245.73, Right
695, 275865, 269.39, Left
695, 279099, 272.55, Right
698, 258272, 252.21, Left
698, 265808, 259.57, Right
699, 266910, 260.65, Left
699, 273811, 267.39, Right
700, 248178, 242.36, Left
700, 248620, 242.79, Right
701, 248880, 243.04, Left
701, 254475, 248.51, Right
704, 290485, 283.67, Left
704, 293165, 286.29, Right
705, 286576, 279.85, Left
705, 299728, 292.70, Right
706, 271806, 265.43, Left
706, 270242, 263.90, Right
708, 273945, 267.52, Left
708, 284799, 278.12, Right
709, 272003, 265.62, Left
709, 277015, 270.52, Right
710, 274384, 267.95, Left
710, 283674, 277.02, Right
711, 253585, 247.64, Left
711, 276277, 269.80, Right
712, 275758, 269.29, Left
712, 283105, 276.46, Right
715, 321931, 314.38, Left
715, 338962, 331.01, Right
717, 320302, 312.79, Left
717, 346576, 338.45, Right
720, 317023, 309.59, Left
720, 349580, 341.38, Right
721, 321918, 314.37, Left
721, 347999, 339.84, Right
722, 278500, 271.97, Left
722, 301482, 294.41, Right
723, 285477, 278.78, Left
723, 290008, 283.21, Right
727, 330264, 322.52, Left
727, 351272, 343.03, Right
731, 331710, 323.93, Left
731, 353599, 345.31, Right
732, 319211, 311.72, Left
732, 337964, 330.04, Right
733, 287044, 280.31, Left
733, 307720, 300.50, Right
734, 248970, 243.13, Left
734, 272176, 265.79, Right
735, 246267, 240.49, Left
735, 255004, 249.02, Right
736, 251410, 245.51, Left
736, 270894, 264.54, Right
737, 236274, 230.73, Left
737, 264768, 258.56, Right
738, 233320, 227.85, Left
738, 247258, 241.46, Right
739, 246613, 240.83, Left
739, 265599, 259.37, Right
740, 228993, 223.62, Left
740, 242438, 236.75, Right
741, 227032, 221.71, Left
741, 229970, 224.58, Right
742, 202828, 198.07, Left
742, 221795, 216.59, Right
743, 201814, 197.08, Left
743, 221254, 216.06, Right
744, 212017, 207.04, Left
744, 217631, 212.53, Right
745, 207772, 202.90, Left
745, 220838, 215.66, Right
746, 213474, 208.47, Left
746, 223875, 218.62, Right
747, 228732, 223.37, Left
747, 225107, 219.83, Right
748, 222508, 217.29, Left
748, 222921, 217.69, Right
749, 218505, 213.38, Left
749, 228428, 223.07, Right
750, 229154, 223.78, Left
750, 227912, 222.57, Right
751, 241479, 235.81, Left
751, 234966, 229.45, Right
752, 241059, 235.40, Left
752, 251797, 245.89, Right
753, 259578, 253.49, Left
753, 263986, 257.79, Right
754, 265386, 259.16, Left
754, 271271, 264.91, Right
755, 258902, 252.83, Left
755, 270682, 264.33, Right
756, 258969, 252.89, Left
756, 268250, 261.96, Right
757, 243460, 237.75, Left
757, 262022, 255.88, Right
758, 245227, 239.47, Left
758, 249499, 243.65, Right
759, 239221, 233.61, Left
759, 250361, 244.49, Right
760, 239627, 234.01, Left
760, 258166, 252.11, Right
761, 237016, 231.46, Left
761, 268701, 262.40, Right
762, 230191, 224.79, Left
762, 252878, 246.95, Right
763, 218505, 213.38, Left
763, 231113, 225.69, Right
766, 243379, 237.67, Left
766, 246804, 241.01, Right
769, 247199, 241.40, Left
769, 250431, 244.56, Right
772, 244222, 238.49, Left
772, 250432, 244.56, Right
773, 228423, 223.06, Left
773, 237626, 232.05, Right
774, 223778, 218.53, Left
774, 228923, 223.55, Right
775, 224329, 219.07, Left
775, 234421, 228.92, Right
776, 226918, 221.59, Left
776, 235177, 229.66, Right
777, 234234, 228.74, Left
777, 237919, 232.34, Right
778, 241391, 235.73, Left
778, 249480, 243.63, Right
779, 240166, 234.53, Left
779, 253354, 247.41, Right
780, 246671, 240.88, Left
780, 264870, 258.66, Right
781, 250841, 244.96, Left
781, 254290, 248.33, Right
782, 241306, 235.65, Left
782, 260233, 254.13, Right
783, 245482, 239.72, Left
783, 261899, 255.76, Right
784, 257766, 251.72, Left
784, 254085, 248.12, Right
785, 250233, 244.36, Left
785, 266582, 260.33, Right
786, 254601, 248.63, Left
786, 265133, 258.91, Right
787, 254797, 248.82, Left
787, 253251, 247.31, Right
788, 252473, 246.55, Left
788, 250527, 244.65, Right
789, 240961, 235.31, Left
789, 239231, 233.62, Right
790, 232631, 227.17, Left
790, 229524, 224.14, Right
791, 222054, 216.84, Left
791, 218933, 213.80, Right
792, 230924, 225.51, Left
792, 224905, 219.63, Right
793, 229836, 224.44, Left
793, 232735, 227.28, Right
794, 255525, 249.53, Left
794, 236182, 230.64, Right
795, 249322, 243.47, Left
795, 256934, 250.91, Right
796, 273047, 266.64, Left
796, 279439, 272.88, Right
797, 283407, 276.76, Left
797, 284814, 278.13, Right
798, 267392, 261.12, Left
798, 271727, 265.35, Right
799, 274727, 268.28, Left
799, 281276, 274.68, Right
800, 268780, 262.48, Left
800, 273719, 267.30, Right
803, 267876, 261.59, Left
803, 271064, 264.71, Right
804, 271979, 265.60, Left
804, 281811, 275.20, Right
805, 271608, 265.24, Left
805, 288360, 281.60, Right
806, 264046, 257.85, Left
806, 273365, 266.95, Right
808, 270793, 264.44, Left
808, 286293, 279.58, Right
809, 273327, 266.92, Left
809, 283878, 277.22, Right
810, 258316, 252.26, Left
810, 262342, 256.19, Right
811, 257422, 251.38, Left
811, 265577, 259.35, Right
812, 250757, 244.87, Left
812, 272944, 266.54, Right
813, 264580, 258.37, Left
813, 265735, 259.50, Right
814, 260169, 254.07, Left
814, 273830, 267.41, Right
815, 268314, 262.02, Left
815, 283953, 277.29, Right
817, 283320, 276.67, Left
817, 294709, 287.80, Right
818, 295066, 288.15, Left
818, 313539, 306.19, Right
819, 266702, 260.45, Left
819, 280809, 274.22, Right
820, 274584, 268.14, Left
820, 290880, 284.06, Right
821, 285603, 278.90, Left
821, 307423, 300.21, Right
824, 281240, 274.64, Left
824, 308311, 301.08, Right
825, 283285, 276.64, Left
825, 294203, 287.30, Right
826, 285723, 279.02, Left
826, 300235, 293.19, Right
827, 258822, 252.75, Left
827, 287544, 280.80, Right
828, 271115, 264.76, Left
828, 269353, 263.04, Right
829, 263324, 257.15, Left
829, 282979, 276.34, Right
830, 275831, 269.36, Left
830, 288494, 281.73, Right
831, 287786, 281.04, Left
831, 301356, 294.29, Right
832, 281151, 274.56, Left
832, 276659, 270.17, Right
833, 262072, 255.92, Left
833, 280965, 274.37, Right
834, 264474, 258.27, Left
834, 263360, 257.18, Right
835, 267087, 260.82, Left
835, 279590, 273.03, Right
836, 252027, 246.12, Left
836, 262483, 256.33, Right
837, 260529, 254.42, Left
837, 271654, 265.28, Right
838, 256601, 250.58, Left
838, 280916, 274.33, Right
839, 267202, 260.93, Left
839, 267994, 261.71, Right
842, 286493, 279.77, Left
842, 307709, 300.49, Right
845, 313244, 305.90, Left
845, 330656, 322.90, Right
848, 275131, 268.68, Left
848, 303456, 296.34, Right
852, 330275, 322.53, Left
852, 357976, 349.58, Right
855, 306889, 299.69, Left
855, 309097, 301.85, Right
859, 320818, 313.29, Left
859, 346532, 338.41, Right
863, 336303, 328.42, Left
863, 337952, 330.03, Right
868, 361342, 352.87, Left
868, 379835, 370.93, Right
872, 341894, 333.88, Left
872, 358866, 350.45, Right
876, 279596, 273.04, Left
876, 288435, 281.67, Right
879, 258338, 252.28, Left
879, 270414, 264.07, Right
882, 272657, 266.26, Left
882, 284039, 277.38, Right
886, 284338, 277.67, Left
886, 309519, 302.26, Right
890, 298469, 291.47, Left
890, 305586, 298.42, Right
894, 320579, 313.06, Left
894, 326904, 319.24, Right
899, 290533, 283.72, Left
899, 297635, 290.65, Right
903, 309853, 302.59, Left
903, 324776, 317.16, Right
908, 348214, 340.05, Left
908, 368297, 359.66, Right
912, 320039, 312.53, Left
912, 312369, 305.04, Right
916, 289712, 282.92, Left
916, 283589, 276.94, Right
920, 230305, 224.90, Left
920, 236031, 230.49, Right
925, 278981, 272.44, Left
925, 285708, 279.01, Right
930, 299130, 292.11, Left
930, 306759, 299.56, Right
935, 279543, 272.99, Left
935, 283057, 276.42, Right
940, 296665, 289.71, Left
940, 304801, 297.65, Right
945, 300442, 293.40, Left
945, 320993, 313.46, Right
950, 234732, 229.23, Left
950, 236490, 230.94, Right
954, 322986, 315.41, Left
954, 337253, 329.34, Right
958, 354552, 346.24, Left
958, 359295, 350.87, Right
962, 351039, 342.81, Left
962, 346822, 338.69, Right
966, 262707, 256.54, Left
966, 290279, 283.47, Right
970, 373547, 364.79, Left
970, 398820, 389.47, Right
974, 382069, 373.11, Left
974, 409772, 400.16, Right
977, 358174, 349.77, Left
977, 373717, 364.95, Right
981, 360923, 352.46, Left
981, 380995, 372.06, Right
985, 364168, 355.63, Left
985, 382503, 373.53, Right
988, 322696, 315.13, Left
988, 335992, 328.11, Right
989, 291909, 285.06, Left
989, 306924, 299.73, Right
990, 252504, 246.58, Left
990, 258314, 252.25, Right
991, 262459, 256.30, Left
991, 268987, 262.68, Right
992, 249384, 243.53, Left
992, 257179, 251.15, Right
993, 248270, 242.45, Left
993, 257039, 251.01, Right
994, 260336, 254.23, Left
994, 269742, 263.41, Right
995, 266045, 259.80, Left
995, 271820, 265.44, Right
996, 263320, 257.14, Left
996, 271045, 264.69, Right
997, 261106, 254.98, Left
997, 269665, 263.34, Right
998, 267309, 261.04, Left
998, 274223, 267.79, Right
999, 250799, 244.92, Left
999, 264004, 257.81, Right
1000, 232967, 227.50, Left
1000, 241546, 235.88, Right
1001, 238218, 232.63, Left
1001, 234213, 228.72, Right
1002, 235679, 230.15, Left
1002, 243148, 237.44, Right
1003, 243049, 237.35, Left
1003, 243581, 237.87, Right
1004, 251558, 245.66, Left
1004, 256273, 250.26, Right
1005, 250789, 244.91, Left
1005, 261463, 255.33, Right
1006, 246470, 240.69, Left
1006, 268207, 261.92, Right
1007, 253811, 247.86, Left
1007, 255568, 249.57, Right
1008, 250971, 245.08, Left
1008, 266629, 260.37, Right
1009, 245702, 239.94, Left
1009, 256494, 250.48, Right
1010, 273619, 267.20, Left
1010, 284737, 278.06, Right
1011, 265164, 258.94, Left
1011, 295976, 289.03, Right
1012, 259257, 253.18, Left
1012, 280589, 274.01, Right
1013, 248702, 242.87, Left
1013, 270186, 263.85, Right
1014, 259224, 253.14, Left
1014, 269814, 263.49, Right
1015, 253413, 247.47, Left
1015, 257677, 251.63, Right
1016, 245355, 239.60, Left
1016, 243121, 237.42, Right
1019, 270612, 264.26, Left
1019, 280346, 273.77, Right
1022, 273288, 266.88, Left
1022, 272575, 266.18, Right
1025, 241943, 236.27, Left
1025, 244523, 238.79, Right
1029, 284609, 277.93, Left
1029, 301267, 294.20, Right
1034, 287231, 280.49, Left
1034, 300317, 293.27, Right
1037, 243122, 237.42, Left
1037, 258752, 252.68, Right
1040, 231815, 226.38, Left
1040, 233358, 227.88, Right
1045, 280405, 273.83, Left
1045, 282962, 276.33, Right
1050, 273208, 266.80, Left
1050, 272219, 265.83, Right
1053, 266842, 260.58, Left
1053, 261129, 255.00, Right
1054, 238082, 232.50, Left
1054, 226250, 220.94, Right
1055, 226548, 221.23, Left
1055, 228905, 223.54, Right
1058, 257324, 251.29, Left
1058, 268314, 262.02, Right
1059, 265186, 258.97, Left
1059, 270122, 263.79, Right
1062, 274690, 268.25, Left
1062, 282854, 276.22, Right
1066, 300873, 293.82, Left
1066, 318891, 311.41, Right
1069, 291369, 284.54, Left
1069, 292906, 286.04, Right
1070, 262166, 256.02, Left
1070, 266242, 260.00, Right
1071, 249287, 243.44, Left
1071, 242619, 236.93, Right
1072, 240423, 234.78, Left
1072, 228225, 222.87, Right
1073, 232282, 226.83, Left
1073, 230983, 225.56, Right
1074, 218217, 213.10, Left
1074, 213526, 208.52, Right
1075, 189434, 184.99, Left
1075, 189212, 184.77, Right
1076, 188292, 183.87, Left
1076, 187486, 183.09, Right
1077, 205705, 200.88, Left
1077, 204184, 199.39, Right
1078, 213073, 208.07, Left
1078, 211227, 206.27, Right
1079, 200305, 195.61, Left
1079, 197430, 192.80, Right
1082, 207163, 202.30, Left
1082, 217820, 212.71, Right
1083, 204719, 199.92, Left
1083, 219873, 214.71, Right
1084, 194097, 189.54, Left
1084, 206340, 201.50, Right
1086, 219588, 214.44, Left
1086, 238753, 233.15, Right
1087, 222850, 217.62, Left
1087, 243560, 237.85, Right
1088, 205601, 200.78, Left
1088, 224087, 218.83, Right
1089, 208002, 203.12, Left
1089, 227987, 222.64, Right
1090, 204259, 199.47, Left
1090, 221435, 216.24, Right
1091, 216802, 211.72, Left
1091, 227259, 221.93, Right
1092, 234447, 228.95, Left
1092, 231092, 225.67, Right
1093, 234821, 229.31, Left
1093, 239661, 234.04, Right
1094, 229116, 223.74, Left
1094, 226990, 221.66, Right
1095, 216157, 211.09, Left
1095, 217280, 212.18, Right
1096, 209581, 204.66, Left
1096, 206075, 201.24, Right
1097, 197810, 193.17, Left
1097, 200645, 195.94, Right
1098, 198896, 194.23, Left
1098, 205107, 200.29, Right
1099, 202179, 197.44, Left
1099, 211731, 206.76, Right
1100, 193369, 188.83, Left
1100, 209418, 204.50, Right
1101, 184842, 180.50, Left
1101, 200150, 195.45, Right
1102, 188797, 184.37, Left
1102, 207699, 202.83, Right
1103, 197218, 192.59, Left
1103, 222675, 217.45, Right
1104, 182413, 178.13, Left
1104, 204545, 199.75, Right
1105, 180087, 175.86, Left
1105, 192218, 187.71, Right
1106, 173972, 169.89, Left
1106, 184642, 180.31, Right
1107, 187399, 183.00, Left
1107, 197177, 192.55, Right
1108, 185899, 181.54, Left
1108, 192058, 187.55, Right
1109, 188457, 184.04, Left
1109, 190657, 186.18, Right
1110, 190413, 185.95, Left
1110, 198599, 193.94, Right
1111, 197956, 193.31, Left
1111, 201914, 197.18, Right
1112, 204225, 199.43, Left
1112, 210606, 205.66, Right
1113, 204160, 199.37, Left
1113, 216352, 211.28, Right
1114, 216319, 211.24, Left
1114, 226611, 221.29, Right
1115, 227517, 222.18, Left
1115, 238017, 232.43, Right
1116, 235306, 229.79, Left
1116, 247606, 241.80, Right
1117, 263876, 257.69, Left
1117, 284395, 277.72, Right
1118, 281445, 274.84, Left
1118, 303664, 296.54, Right
1119, 282803, 276.17, Left
1119, 296573, 289.62, Right
1120, 249927, 244.06, Left
1120, 256581, 250.56, Right
1121, 239232, 233.62, Left
1121, 244240, 238.51, Right
1124, 295532, 288.60, Left
1124, 305334, 298.17, Right
1127, 319458, 311.97, Left
1127, 315636, 308.23, Right
1131, 327433, 319.75, Left
1131, 316935, 309.50, Right
1134, 244854, 239.11, Left
1134, 245970, 240.20, Right
1137, 267602, 261.33, Left
1137, 279933, 273.37, Right
1141, 304871, 297.72, Left
1141, 314900, 307.51, Right
1145, 305203, 298.04, Left
1145, 305771, 298.60, Right
1149, 308480, 301.25, Left
1149, 324579, 316.97, Right
1153, 294209, 287.31, Left
1153, 291790, 284.95, Right
1157, 348499, 340.33, Left
1157, 344074, 336.00, Right
1160, 345922, 337.81, Left
1160, 359763, 351.33, Right
1164, 378734, 369.85, Left
1164, 394313, 385.07, Right
1168, 370220, 361.54, Left
1168, 384344, 375.33, Right
1172, 345168, 337.07, Left
1172, 356479, 348.12, Right
1176, 357584, 349.20, Left
1176, 372103, 363.38, Right
1179, 332592, 324.79, Left
1179, 323096, 315.52, Right
1182, 253990, 248.03, Left
1182, 249410, 243.56, Right
1185, 272673, 266.28, Left
1185, 266573, 260.32, Right
1188, 287572, 280.83, Left
1188, 279261, 272.71, Right
1192, 309738, 302.47, Left
1192, 325416, 317.78, Right
1193, 332155, 324.37, Left
1193, 350222, 342.01, Right
1196, 302395, 295.30, Left
1196, 316618, 309.19, Right
1199, 318899, 311.42, Left
1199, 332281, 324.49, Right
1203, 334950, 327.09, Left
1203, 339889, 331.92, Right
1207, 269916, 263.58, Left
1207, 268281, 261.99, Right
1212, 257976, 251.92, Left
1212, 263867, 257.68, Right
1217, 254440, 248.47, Left
1217, 266779, 260.52, Right
1222, 329778, 322.04, Left
1222, 341474, 333.47, Right
1226, 293758, 286.87, Left
1226, 318753, 311.28, Right
1230, 338861, 330.91, Left
1230, 353901, 345.60, Right
1234, 303217, 296.11, Left
1234, 322387, 314.83, Right
1238, 346867, 338.73, Left
1238, 367459, 358.84, Right
1242, 339703, 331.74, Left
1242, 371855, 363.13, Right
1245, 293644, 286.76, Left
1245, 322255, 314.70, Right
1248, 254044, 248.08, Left
1248, 272896, 266.50, Right
1252, 300347, 293.30, Left
1252, 339216, 331.26, Right
1255, 333274, 325.46, Left
1255, 351373, 343.13, Right
1258, 362990, 354.48, Left
1258, 380769, 371.84, Right
1262, 337184, 329.28, Left
1262, 362791, 354.28, Right
1266, 332553, 324.75, Left
1266, 351620, 343.37, Right
1270, 335960, 328.08, Left
1270, 360925, 352.46, Right
1274, 332398, 324.60, Left
1274, 344519, 336.44, Right
1278, 278780, 272.24, Left
1278, 283599, 276.95, Right
1281, 301644, 294.57, Left
1281, 315869, 308.46, Right
1284, 281778, 275.17, Left
1284, 274460, 268.02, Right
1287, 257792, 251.75, Left
1287, 263620, 257.44, Right
1290, 253520, 247.57, Left
1290, 259964, 253.87, Right
1293, 251462, 245.56, Left
1293, 250092, 244.23, Right
1296, 251957, 246.05, Left
1296, 272539, 266.15, Right
1299, 262748, 256.58, Left
1299, 256076, 250.07, Right
1300, 233600, 228.12, Left
1300, 236560, 231.01, Right
1303, 241441, 235.78, Left
1303, 240799, 235.15, Right
1306, 235980, 230.44, Left
1306, 242230, 236.55, Right
1309, 232895, 227.43, Left
1309, 234356, 228.86, Right
1312, 244292, 238.56, Left
1312, 243706, 237.99, Right
1315, 256491, 250.47, Left
1315, 255208, 249.22, Right
1318, 217274, 212.18, Left
1318, 237883, 232.30, Right
1321, 240630, 234.99, Left
1321, 253529, 247.58, Right
1324, 261924, 255.78, Left
1324, 275003, 268.55, Right
1327, 254837, 248.86, Left
1327, 269343, 263.03, Right
1330, 274243, 267.81, Left
1330, 292604, 285.74, Right
1333, 247230, 241.43, Left
1333, 248447, 242.62, Right
1334, 253694, 247.74, Left
1334, 272676, 266.28, Right
1337, 280257, 273.68, Left
1337, 301737, 294.66, Right
1338, 270595, 264.25, Left
1338, 289454, 282.66, Right
1342, 290098, 283.29, Left
1342, 315496, 308.10, Right
1346, 293889, 287.00, Left
1346, 316355, 308.94, Right
1348, 293126, 286.25, Left
1348, 315255, 307.86, Right
1349, 263598, 257.41, Left
1349, 266696, 260.44, Right
1352, 265368, 259.14, Left
1352, 282114, 275.50, Right
1353, 236360, 230.82, Left
1353, 250982, 245.09, Right
1356, 245515, 239.76, Left
1356, 269926, 263.59, Right
1357, 240537, 234.89, Left
1357, 260566, 254.45, Right
1358, 235696, 230.17, Left
1358, 256412, 250.40, Right
1359, 225393, 220.11, Left
1359, 239216, 233.60, Right
1360, 229892, 224.50, Left
1360, 242338, 236.65, Right
1361, 234063, 228.57, Left
1361, 247200, 241.40, Right
1362, 239074, 233.47, Left
1362, 246474, 240.69, Right
1365, 240874, 235.22, Left
1365, 240905, 235.25, Right
1368, 245217, 239.46, Left
1368, 244365, 238.63, Right
1371, 217821, 212.71, Left
1371, 222159, 216.95, Right
1374, 225947, 220.65, Left
1374, 233866, 228.38, Right
1377, 245805, 240.04, Left
1377, 253708, 247.76, Right
1378, 254327, 248.36, Left
1378, 254927, 248.95, Right
1379, 248562, 242.73, Left
1379, 260384, 254.28, Right
1380, 246453, 240.67, Left
1380, 257963, 251.91, Right
1381, 232223, 226.78, Left
1381, 240777, 235.13, Right
1382, 220260, 215.09, Left
1382, 226177, 220.87, Right
1383, 228936, 223.57, Left
1383, 247208, 241.41, Right
1384, 249733, 243.87, Left
1384, 258923, 252.85, Right
1385, 247006, 241.21, Left
1385, 252757, 246.83, Right
1386, 245388, 239.63, Left
1386, 254765, 248.79, Right
1387, 239291, 233.68, Left
1387, 257696, 251.65, Right
1390, 273246, 266.84, Left
1390, 286204, 279.49, Right
1393, 268832, 262.53, Left
1393, 294168, 287.27, Right
1396, 259198, 253.12, Left
1396, 276599, 270.11, Right
1399, 234778, 229.27, Left
1399, 257319, 251.28, Right
1400, 219614, 214.46, Left
1400, 235611, 230.08, Right
1402, 229976, 224.58, Left
1402, 240075, 234.44, Right
1403, 233662, 228.18, Left
1403, 250230, 244.36, Right
1404, 225088, 219.81, Left
1404, 239082, 233.47, Right
1405, 229204, 223.83, Left
1405, 230964, 225.55, Right
1408, 232338, 226.89, Left
1408, 258580, 252.51, Right
1411, 281578, 274.97, Left
1411, 304159, 297.03, Right
1414, 295551, 288.62, Left
1414, 317685, 310.23, Right
1417, 309067, 301.82, Left
1417, 317548, 310.10, Right
1420, 286837, 280.11, Left
1420, 307186, 299.98, Right
1423, 262316, 256.16, Left
1423, 282831, 276.20, Right
1426, 278190, 271.66, Left
1426, 303520, 296.40, Right
1429, 264619, 258.41, Left
1429, 277187, 270.69, Right
1432, 229519, 224.13, Left
1432, 248934, 243.09, Right
1435, 275066, 268.61, Left
1435, 279627, 273.07, Right
1438, 287802, 281.05, Left
1438, 292095, 285.24, Right
1442, 313255, 305.91, Left
1442, 324721, 317.11, Right
1446, 316068, 308.66, Left
1446, 334904, 327.05, Right
1450, 352536, 344.27, Left
1450, 344791, 336.70, Right
1454, 282023, 275.41, Left
1454, 282279, 275.66, Right
1458, 321195, 313.66, Left
1458, 318934, 311.45, Right
1462, 349840, 341.64, Left
1462, 355408, 347.07, Right
1466, 335030, 327.17, Left
1466, 338540, 330.60, Right
1470, 288779, 282.01, Left
1470, 264941, 258.73, Right
1474, 288512, 281.75, Left
1474, 284475, 277.80, Right
1478, 281308, 274.71, Left
1478, 285422, 278.73, Right
1482, 266412, 260.16, Left
1482, 284217, 277.55, Right
1486, 265403, 259.18, Left
1486, 291381, 284.55, Right
1491, 325788, 318.15, Left
1491, 347072, 338.93, Right
1495, 264769, 258.56, Left
1495, 262638, 256.48, Right
1499, 266697, 260.44, Left
1499, 279203, 272.65, Right
1503, 234726, 229.22, Left
1503, 255364, 249.37, Right
1507, 265582, 259.35, Left
1507, 265564, 259.33, Right
1511, 291414, 284.58, Left
1511, 310701, 303.41, Right
1515, 295099, 288.18, Left
1515, 312184, 304.86, Right
1518, 317679, 310.23, Left
1518, 344797, 336.71, Right
1522, 277278, 270.77, Left
1522, 286312, 279.60, Right
1526, 341462, 333.45, Left
1526, 363329, 354.81, Right
1530, 302265, 295.18, Left
1530, 320320, 312.81, Right
1534, 371596, 362.88, Left
1534, 395846, 386.56, Right
1538, 386262, 377.20, Left
1538, 409553, 399.95, Right
1539, 385962, 376.91, Left
1539, 394732, 385.48, Right
1542, 283569, 276.92, Left
1542, 313748, 306.39, Right
1545, 269826, 263.50, Left
1545, 272499, 266.11, Right
1546, 275267, 268.81, Left
1546, 286068, 279.36, Right
1547, 267140, 260.87, Left
1547, 276948, 270.45, Right
1548, 261659, 255.52, Left
1548, 270695, 264.35, Right
1549, 266004, 259.76, Left
1549, 272685, 266.29, Right
1550, 258983, 252.91, Left
1550, 275559, 269.10, Right
1553, 281578, 274.97, Left
1553, 293627, 286.74, Right
1554, 284353, 277.68, Left
1554, 294235, 287.33, Right
1555, 270135, 263.80, Left
1555, 273019, 266.62, Right
1556, 272752, 266.35, Left
1556, 261343, 255.21, Right
1557, 257939, 251.89, Left
1557, 268057, 261.77, Right
1558, 261035, 254.91, Left
1558, 278544, 272.01, Right
1559, 280317, 273.74, Left
1559, 287266, 280.53, Right
1560, 282514, 275.89, Left
1560, 286432, 279.71, Right
1563, 291326, 284.49, Left
1563, 301786, 294.71, Right
1566, 314794, 307.41, Left
1566, 329530, 321.80, Right
1571, 331091, 323.33, Left
1571, 341314, 333.31, Right
1575, 327397, 319.72, Left
1575, 331895, 324.11, Right
1579, 293235, 286.36, Left
1579, 303470, 296.35, Right
1583, 305316, 298.16, Left
1583, 319276, 311.79, Right
1587, 284719, 278.04, Left
1587, 296207, 289.26, Right
1590, 220911, 215.73, Left
1590, 226586, 221.27, Right
1593, 207877, 203.00, Left
1593, 225384, 220.10, Right
1594, 218270, 213.15, Left
1594, 217493, 212.39, Right
1597, 242453, 236.77, Left
1597, 252841, 246.91, Right
1601, 287247, 280.51, Left
1601, 302585, 295.49, Right
1604, 265701, 259.47, Left
1604, 270085, 263.75, Right
1608, 294623, 287.71, Left
1608, 309052, 301.80, Right
1613, 309137, 301.89, Left
1613, 317866, 310.41, Right
